  5.000000000000000E-002   59.9001823630953     
  0.150000000000000        100.644470365141     
  0.250000000000000        122.509634136610     
  0.350000000000000        135.662748258242     
  0.450000000000000        142.339784761704     
  0.550000000000000        147.561432698654     
  0.650000000000000        152.621306466010     
  0.750000000000000        155.193052440874     
  0.850000000000000        158.141797099469     
  0.950000000000000        160.680161152415     
   1.05000000000000        163.044662816568     
   1.15000000000000        165.569639722120     
   1.25000000000000        167.534324588759     
   1.35000000000000        169.669958920351     
   1.45000000000000        171.427017445343     
   1.55000000000000        173.830730080614     
   1.65000000000000        175.966020733238     
   1.75000000000000        178.023279894608     
   1.85000000000000        179.967958921188     
   1.95000000000000        181.745420933823     
   2.05000000000000        183.389213419919     
   2.15000000000000        185.154311434004     
   2.25000000000000        187.165036733510     
   2.35000000000000        189.084115313547     
   2.45000000000000        191.067030694886     
   2.55000000000000        192.882843299333     
   2.65000000000000        194.606969077324     
   2.75000000000000        196.280369186203     
   2.85000000000000        197.866423005806     
   2.95000000000000        199.410599292602     
   3.05000000000000        200.971397587588     
   3.15000000000000        202.357362805781     
   3.25000000000000        203.849920167992     
   3.35000000000000        205.206010791951     
   3.45000000000000        206.487990112035     
   3.55000000000000        207.813425320427     
   3.65000000000000        209.062812402820     
   3.75000000000000        210.251073089220     
   3.85000000000000        211.515439878802     
   3.95000000000000        212.601425995677     
   4.05000000000000        213.669513385133     
   4.15000000000000        214.754130823915     
   4.25000000000000        215.815895897512     
   4.35000000000000        216.873078791444     
   4.45000000000000        217.909335781186     
   4.55000000000000        218.894488083058     
   4.65000000000000        219.820482414520     
   4.75000000000000        220.818782353144     
   4.85000000000000        221.623813010599     
   4.95000000000000        222.230715716745     
   5.05000000000000        222.782570706141     
   5.15000000000000        223.396181221562     
   5.25000000000000        223.946997160848     
   5.35000000000000        224.536220259891     
   5.45000000000000        225.100731834112     
   5.55000000000000        225.597463470273     
   5.65000000000000        226.101308515885     
   5.75000000000000        226.674438933953     
   5.85000000000000        227.154864527059     
   5.95000000000000        227.698663302363     
   6.05000000000000        228.185318839011     
   6.15000000000000        228.626432281548     
   6.25000000000000        229.159213517415     
   6.35000000000000        229.625308471655     
   6.45000000000000        230.089809053188     
   6.55000000000000        230.506502975295     
   6.65000000000000        230.943521629934     
   6.75000000000000        231.434645935621     
   6.85000000000000        231.835138276380     
   6.95000000000000        232.289782254664     
   7.05000000000000        232.690020673202     
   7.15000000000000        233.110319764425     
   7.25000000000000        233.379421856921     
   7.35000000000000        233.430285849110     
   7.45000000000000        233.450487907707     
   7.55000000000000        233.511910472950     
   7.65000000000000        233.507499868109     
   7.75000000000000        233.555499429676     
   7.85000000000000        233.566126838598     
   7.95000000000000        233.585366887514     
   8.05000000000000        233.637104502014     
   8.15000000000000        233.685206630615     
   8.25000000000000        233.706592122325     
   8.35000000000000        233.696244963547     
   8.45000000000000        233.745599529093     
   8.55000000000000        233.787079888111     
   8.65000000000000        233.821364649237     
   8.75000000000000        233.837653337327     
   8.85000000000000        233.841249207980     
   8.95000000000000        233.864469306720     
   9.05000000000000        233.890740317907     
   9.15000000000000        233.925284821636     
   9.25000000000000        233.956726840808     
   9.35000000000000        233.950286345151     
   9.45000000000000        234.013640626924     
   9.55000000000000        234.008513848305     
   9.65000000000000        234.012340804863     
   9.75000000000000        234.063121780645     
   9.85000000000000        234.132795627632     
   9.95000000000000        234.101685130187     
   10.0500000000000        234.123593400025     
   10.1500000000000        234.150680908618     
   10.2500000000000        234.162214855452     
   10.3500000000000        234.195514259437     
   10.4500000000000        234.249901795718     
   10.5500000000000        234.236815361102     
   10.6500000000000        234.275568001750     
   10.7500000000000        234.311036146527     
   10.8500000000000        234.232197945212     
   10.9500000000000        234.005640368200     
   11.0500000000000        233.817830337316     
   11.1500000000000        233.592345438230     
   11.2500000000000        233.409066154400     
   11.3500000000000        233.234464719038     
   11.4500000000000        233.013232267889     
   11.5500000000000        232.829589938595     
   11.6500000000000        232.623445070388     
   11.7500000000000        232.419774294516     
   11.8500000000000        232.234358337233     
   11.9500000000000        232.066161100183     
   12.0500000000000        231.866346251704     
   12.1500000000000        231.630244505284     
   12.2500000000000        231.467317392268     
   12.3500000000000        231.298465506773     
   12.4500000000000        231.110958675102     
   12.5500000000000        230.937082808418     
   12.6500000000000        230.762844419392     
   12.7500000000000        230.559791707589     
   12.8500000000000        230.409572918726     
   12.9500000000000        230.229065878040     
   13.0500000000000        230.047918380123     
   13.1500000000000        229.874173629448     
   13.2500000000000        229.680592812327     
   13.3500000000000        229.514855452236     
   13.4500000000000        229.347062581359     
   13.5500000000000        229.170564430771     
   13.6500000000000        229.027714255913     
   13.7500000000000        228.849065820338     
   13.8500000000000        228.704287243481     
   13.9500000000000        228.532297862068     
   14.0500000000000        228.389087302400     
   14.1500000000000        228.202323854531     
   14.2500000000000        228.031286132575     
   14.3500000000000        227.877367423640     
   14.4500000000000        227.718371049536     
   14.5500000000000        227.575402990598     
   14.6500000000000        227.414931704683     
   14.7500000000000        227.275045168163     
   14.8500000000000        227.132748345644     
   14.9500000000000        226.939755685046     
   15.0500000000000        226.803331588300     
   15.1500000000000        226.656628668577     
   15.2500000000000        226.504622177324     
   15.3500000000000        226.364427074884     
   15.4500000000000        226.220550009392     
   15.5500000000000        226.066631572188     
   15.6500000000000        225.914936016661     
   15.7500000000000        225.788072521834     
   15.8500000000000        225.624553781027     
   15.9500000000000        225.493635544846     
   16.0500000000000        225.347928980926     
   16.1500000000000        225.202585310789     
   16.2500000000000        225.042673803651     
   16.3500000000000        224.874906815197     
   16.4500000000000        224.673305746841     
   16.5500000000000        224.509432180857     
   16.6500000000000        224.307190714729     
   16.7500000000000        224.127147774299     
   16.8500000000000        223.944370385237     
   16.9500000000000        223.752178672118     
   17.0500000000000        223.593481150622     
   17.1500000000000        223.405395516438     
   17.2500000000000        223.222275048568     
   17.3500000000000        223.041077439520     
   17.4500000000000        222.880684202868     
   17.5500000000000        222.710686735801     
   17.6500000000000        222.536724458007     
   17.7500000000000        222.369591829234     
   17.8500000000000        222.187837740881     
   17.9500000000000        222.037968515838     
   18.0500000000000        221.848747339391     
   18.1500000000000        221.680178946940     
   18.2500000000000        221.521855929480     
   18.3500000000000        221.359222966387     
   18.4500000000000        221.192829707233     
   18.5500000000000        221.045418762492     
   18.6500000000000        220.856906316845     
   18.7500000000000        220.709061254445     
   18.8500000000000        220.554544347055     
   18.9500000000000        220.390480517104     
   19.0500000000000        220.212060340628     
   19.1500000000000        220.055889716966     
   19.2500000000000        219.902787791585     
   19.3500000000000        219.731500920114     
   19.4500000000000        219.586774204660     
   19.5500000000000        219.417500840341     
   19.6500000000000        219.246243711698     
   19.7500000000000        219.096250662888     
   19.8500000000000        218.981550661847     
   19.9500000000000        218.825737782866     
   20.0500000000000        218.662897500954     
   20.1500000000000        218.499469223671     
   20.2500000000000        218.352179967569     
   20.3500000000000        218.227569656939     
   20.4500000000000        218.063365295870     
   20.5500000000000        217.915133436190     
   20.6500000000000        217.783614921629     
   20.7500000000000        217.609738807745     
   20.8500000000000        217.460996556558     
   20.9500000000000        217.314123887741     
   21.0500000000000        217.178611618886     
   21.1500000000000        217.024852260862     
   21.2500000000000        216.890473983991     
   21.3500000000000        216.736362880909     
   21.4500000000000        216.603191394895     
   21.5500000000000        216.475744353304     
   21.6500000000000        216.322090660538     
   21.7500000000000        216.186236810187     
   21.8500000000000        216.048714843243     
   21.9500000000000        215.933876021609     
   22.0500000000000        215.754856889435     
   22.1500000000000        215.623892956533     
   22.2500000000000        215.483305220501     
   22.3500000000000        215.335994446086     
   22.4500000000000        215.211778026439     
   22.5500000000000        215.089498025256     
   22.6500000000000        214.934306638612     
   22.7500000000000        214.824757817270     
   22.8500000000000        214.654018049916     
   22.9500000000000        214.561144706266     
   23.0500000000000        214.420978762920     
   23.1500000000000        214.269413526207     
   23.2500000000000        214.145556973681     
   23.3500000000000        214.023556454433     
   23.4500000000000        213.909149005300     
   23.5500000000000        213.764590507092     
   23.6500000000000        213.633445478229     
   23.7500000000000        213.512389720388     
   23.8500000000000        213.373498638231     
   23.9500000000000        213.234254793185     
   24.0500000000000        213.123341295779     
   24.1500000000000        212.998118872064     
   24.2500000000000        212.865348056652     
   24.3500000000000        212.737260565676     
   24.4500000000000        212.622680877449     
   24.5500000000000        212.511022839805     
   24.6500000000000        212.414030124761     
   24.7500000000000        212.316274996693     
   24.8500000000000        212.180512797179     
   24.9500000000000        212.070949076120     
   25.0500000000000        211.971190132685     
   25.1500000000000        211.857373727458     
   25.2500000000000        211.753293032590     
   25.3500000000000        211.656091113036     
   25.4500000000000        211.541592660889     
   25.5500000000000        211.403634683424     
   25.6500000000000        211.315567179245     
   25.7500000000000        211.211909529882     
   25.8500000000000        211.115537748204     
   25.9500000000000        210.988166535702     
   26.0500000000000        210.915091583155     
   26.1500000000000        210.804303979094     
   26.2500000000000        210.675408396906     
   26.3500000000000        210.581613499378     
   26.4500000000000        210.460052961679     
   26.5500000000000        210.372771405961     
   26.6500000000000        210.285493200933     
   26.7500000000000        210.174250831388     
   26.8500000000000        210.044710393699     
   26.9500000000000        209.976066932137     
   27.0500000000000        209.885630774243     
   27.1500000000000        209.744432005304     
   27.2500000000000        209.672225748034     
   27.3500000000000        209.542543182328     
   27.4500000000000        209.481277763746     
   27.5500000000000        209.361011124047     
   27.6500000000000        209.284846458187     
   27.7500000000000        209.164810169157     
   27.8500000000000        209.100607327477     
   27.9500000000000        208.951029546553     
   28.0500000000000        208.886089884254     
   28.1500000000000        208.751380154929     
   28.2500000000000        208.682946661430     
   28.3500000000000        208.598893388712     
   28.4500000000000        208.503782961559     
   28.5500000000000        208.384844344611     
   28.6500000000000        208.272729718539     
   28.7500000000000        208.169249868969     
   28.8500000000000        208.113466192700     
   28.9500000000000        208.008390892510     
   29.0500000000000        207.927767578749     
   29.1500000000000        207.826488925316     
   29.2500000000000        207.726160171747     
   29.3500000000000        207.614382095606     
   29.4500000000000        207.552652727899     
   29.5500000000000        207.471160902587     
   29.6500000000000        207.346410918461     
   29.7500000000000        207.244318744832     
   29.8500000000000        207.171144117840     
   29.9500000000000        207.086705941756     
   30.0500000000000        206.990869088017     
   30.1500000000000        206.912437422363     
   30.2500000000000        206.843109708264     
   30.3500000000000        206.682883878177     
   30.4500000000000        206.624149687237     
   30.5500000000000        206.545089731417     
   30.6500000000000        206.449241602510     
   30.7500000000000                          NaN
   30.8500000000000        206.303760256164     
   30.9500000000000        206.219403533797     
   31.0500000000000        206.079363495279     
   31.1500000000000                          NaN
   31.2500000000000        205.901812185367     
   31.3500000000000        205.828904803439     
   31.4500000000000        205.732573560868     
   31.5500000000000        205.652149680365     
   31.6500000000000        205.575003164486     
   31.7500000000000        205.481939485583     
   31.8500000000000        205.424608266471     
   31.9500000000000        205.271214746275     
   32.0500000000000                          NaN
   32.1500000000000        205.087012228419     
   32.2500000000000                          NaN
   32.3500000000000                          NaN
   32.4500000000000        204.907227406105     
   32.5500000000000        204.801084583865     
   32.6500000000000                          NaN
   32.7500000000000        204.655708447364     
   32.8500000000000        204.568743999526     
   32.9500000000000        204.445587074868     
   33.0500000000000        204.386868302183     
   33.1500000000000                          NaN
   33.2500000000000        204.224374532085     
   33.3500000000000        204.143373279013     
   33.4500000000000        204.034541888758     
   33.5500000000000        204.009800590809     
   33.6500000000000        203.889233948193     
   33.7500000000000        203.792503770101     
   33.8500000000000                          NaN
   33.9500000000000        203.667521449174     
   34.0500000000000        203.564933077961     
   34.1500000000000        203.485740499033     
   34.2500000000000                          NaN
   34.3500000000000                          NaN
   34.4500000000000                          NaN
   34.5500000000000                          NaN
   34.6500000000000                          NaN
   34.7500000000000        203.022268309944     
   34.8500000000000        202.946530838153     
   34.9500000000000        202.838123997920     
   35.0500000000000        202.797665865816     
   35.1500000000000                          NaN
   35.2500000000000        202.642954142558     
   35.3500000000000        202.537005761223     
   35.4500000000000        202.454894493479     
   35.5500000000000        202.369648224446     
   35.6500000000000        202.327871822658     
   35.7500000000000        202.201455530267     
   35.8500000000000        202.146962974281     
   35.9500000000000                          NaN
   36.0500000000000                          NaN
   36.1500000000000                          NaN
   36.2500000000000                          NaN
   36.3500000000000        201.797207019039     
   36.4500000000000                          NaN
   36.5500000000000                          NaN
   36.6500000000000        201.583213908425     
   36.7500000000000        201.508477421100     
   36.8500000000000                          NaN
   36.9500000000000                          NaN
   37.0500000000000        201.331674209843     
   37.1500000000000        201.263867816077     
   37.2500000000000        201.212533823533     
   37.3500000000000                          NaN
   37.4500000000000                          NaN
   37.5500000000000                          NaN
   37.6500000000000                          NaN
   37.7500000000000                          NaN
   37.8500000000000        200.805013317194     
   37.9500000000000                          NaN
   38.0500000000000                          NaN
   38.1500000000000                          NaN
   38.2500000000000                          NaN
   38.3500000000000                          NaN
   38.4500000000000        200.484857721898     
   38.5500000000000                          NaN
   38.6500000000000                          NaN
   38.7500000000000                          NaN
   38.8500000000000        200.196236955690     
   38.9500000000000                          NaN
   39.0500000000000        200.101489885614     
   39.1500000000000                          NaN
   39.2500000000000        199.999466800998     
   39.3500000000000                          NaN
   39.4500000000000        199.854668957443     
   39.5500000000000                          NaN
   39.6500000000000                          NaN
   39.7500000000000                          NaN
   39.8500000000000                          NaN
   39.9500000000000                          NaN
   40.0500000000000                          NaN
   40.1500000000000                          NaN
   40.2500000000000                          NaN
   40.3500000000000                          NaN
   40.4500000000000        199.279412402385     
   40.5500000000000                          NaN
   40.6500000000000                          NaN
   40.7500000000000                          NaN
   40.8500000000000                          NaN
   40.9500000000000                          NaN
   41.0500000000000                          NaN
   41.1500000000000                          NaN
   41.2500000000000                          NaN
   41.3500000000000                          NaN
   41.4500000000000                          NaN
   41.5500000000000                          NaN
   41.6500000000000                          NaN
   41.7500000000000                          NaN
   41.8500000000000                          NaN
   41.9500000000000                          NaN
   42.0500000000000        198.388463957081     
   42.1500000000000        198.314276025349     
   42.2500000000000                          NaN
   42.3500000000000                          NaN
   42.4500000000000        198.163837809272     
   42.5500000000000                          NaN
   42.6500000000000                          NaN
   42.7500000000000                          NaN
   42.8500000000000                          NaN
   42.9500000000000        197.885173135558     
   43.0500000000000                          NaN
   43.1500000000000        197.794377806326     
   43.2500000000000                          NaN
   43.3500000000000                          NaN
   43.4500000000000                          NaN
   43.5500000000000                          NaN
   43.6500000000000                          NaN
   43.7500000000000                          NaN
   43.8500000000000                          NaN
   43.9500000000000                          NaN
   44.0500000000000                          NaN
   44.1500000000000                          NaN
   44.2500000000000                          NaN
   44.3500000000000                          NaN
   44.4500000000000                          NaN
   44.5500000000000                          NaN
   44.6500000000000                          NaN
   44.7500000000000                          NaN
   44.8500000000000                          NaN
   44.9500000000000                          NaN
   45.0500000000000                          NaN
   45.1500000000000                          NaN
   45.2500000000000                          NaN
   45.3500000000000                          NaN
   45.4500000000000                          NaN
   45.5500000000000                          NaN
   45.6500000000000                          NaN
   45.7500000000000                          NaN
   45.8500000000000                          NaN
   45.9500000000000                          NaN
   46.0500000000000        196.284921933520     
   46.1500000000000                          NaN
   46.2500000000000                          NaN
   46.3500000000000                          NaN
   46.4500000000000                          NaN
   46.5500000000000                          NaN
   46.6500000000000                          NaN
   46.7500000000000                          NaN
   46.8500000000000                          NaN
   46.9500000000000                          NaN
   47.0500000000000                          NaN
   47.1500000000000                          NaN
   47.2500000000000                          NaN
   47.3500000000000                          NaN
   47.4500000000000                          NaN
   47.5500000000000        195.557471869472     
   47.6500000000000                          NaN
   47.7500000000000                          NaN
   47.8500000000000                          NaN
   47.9500000000000                          NaN
   48.0500000000000                          NaN
   48.1500000000000                          NaN
   48.2500000000000                          NaN
   48.3500000000000                          NaN
   48.4500000000000                          NaN
   48.5500000000000                          NaN
   48.6500000000000                          NaN
   48.7500000000000                          NaN
   48.8500000000000                          NaN
   48.9500000000000                          NaN
   49.0500000000000                          NaN
   49.1500000000000                          NaN
   49.2500000000000                          NaN
   49.3500000000000                          NaN
   49.4500000000000                          NaN
   49.5500000000000                          NaN
   49.6500000000000                          NaN
   49.7500000000000                          NaN
   49.8500000000000                          NaN
   49.9500000000000                          NaN
   50.0500000000000                          NaN
   50.1500000000000                          NaN
   50.2500000000000                          NaN
   50.3500000000000                          NaN
   50.4500000000000        194.175627436078     
   50.5500000000000                          NaN
   50.6500000000000                          NaN
   50.7500000000000                          NaN
   50.8500000000000                          NaN
   50.9500000000000        193.952817626261     
   51.0500000000000                          NaN
   51.1500000000000                          NaN
   51.2500000000000                          NaN
   51.3500000000000                          NaN
   51.4500000000000                          NaN
   51.5500000000000                          NaN
   51.6500000000000                          NaN
   51.7500000000000                          NaN
   51.8500000000000                          NaN
   51.9500000000000                          NaN
   52.0500000000000                          NaN
   52.1500000000000                          NaN
   52.2500000000000                          NaN
   52.3500000000000                          NaN
   52.4500000000000                          NaN
   52.5500000000000                          NaN
   52.6500000000000                          NaN
   52.7500000000000                          NaN
   52.8500000000000                          NaN
   52.9500000000000                          NaN
   53.0500000000000                          NaN
   53.1500000000000                          NaN
   53.2500000000000                          NaN
   53.3500000000000                          NaN
   53.4500000000000                          NaN
   53.5500000000000                          NaN
   53.6500000000000                          NaN
   53.7500000000000                          NaN
   53.8500000000000                          NaN
   53.9500000000000                          NaN
   54.0500000000000                          NaN
   54.1500000000000                          NaN
   54.2500000000000                          NaN
   54.3500000000000                          NaN
   54.4500000000000                          NaN
   54.5500000000000                          NaN
   54.6500000000000                          NaN
   54.7500000000000                          NaN
   54.8500000000000                          NaN
   54.9500000000000                          NaN
   55.0500000000000                          NaN
   55.1500000000000                          NaN
   55.2500000000000                          NaN
   55.3500000000000                          NaN
   55.4500000000000                          NaN
   55.5500000000000                          NaN
   55.6500000000000                          NaN
   55.7500000000000                          NaN
   55.8500000000000                          NaN
   55.9500000000000                          NaN
   56.0500000000000                          NaN
   56.1500000000000                          NaN
   56.2500000000000                          NaN
   56.3500000000000                          NaN
   56.4500000000000                          NaN
   56.5500000000000                          NaN
   56.6500000000000                          NaN
   56.7500000000000                          NaN
   56.8500000000000                          NaN
   56.9500000000000                          NaN
   57.0500000000000                          NaN
   57.1500000000000                          NaN
   57.2500000000000                          NaN
   57.3500000000000                          NaN
   57.4500000000000                          NaN
   57.5500000000000                          NaN
   57.6500000000000                          NaN
   57.7500000000000                          NaN
   57.8500000000000                          NaN
   57.9500000000000                          NaN
   58.0500000000000                          NaN
   58.1500000000000                          NaN
   58.2500000000000                          NaN
   58.3500000000000                          NaN
   58.4500000000000                          NaN
   58.5500000000000                          NaN
   58.6500000000000                          NaN
   58.7500000000000                          NaN
   58.8500000000000                          NaN
   58.9500000000000                          NaN
   59.0500000000000                          NaN
   59.1500000000000                          NaN
   59.2500000000000                          NaN
   59.3500000000000                          NaN
   59.4500000000000                          NaN
   59.5500000000000                          NaN
   59.6500000000000                          NaN
   59.7500000000000                          NaN
   59.8500000000000                          NaN
   59.9500000000000                          NaN
   60.0500000000000                          NaN
   60.1500000000000                          NaN
   60.2500000000000                          NaN
   60.3500000000000                          NaN
   60.4500000000000                          NaN
   60.5500000000000                          NaN
   60.6500000000000                          NaN
   60.7500000000000                          NaN
   60.8500000000000                          NaN
   60.9500000000000                          NaN
   61.0500000000000                          NaN
   61.1500000000000                          NaN
   61.2500000000000                          NaN
   61.3500000000000                          NaN
   61.4500000000000                          NaN
   61.5500000000000                          NaN
   61.6500000000000                          NaN
   61.7500000000000                          NaN
   61.8500000000000                          NaN
   61.9500000000000                          NaN
   62.0500000000000                          NaN
   62.1500000000000                          NaN
   62.2500000000000                          NaN
   62.3500000000000                          NaN
   62.4500000000000                          NaN
   62.5500000000000                          NaN
   62.6500000000000                          NaN
   62.7500000000000                          NaN
   62.8500000000000                          NaN
   62.9500000000000                          NaN
   63.0500000000000                          NaN
   63.1500000000000                          NaN
   63.2500000000000                          NaN
   63.3500000000000                          NaN
   63.4500000000000                          NaN
   63.5500000000000                          NaN
   63.6500000000000                          NaN
   63.7500000000000                          NaN
   63.8500000000000                          NaN
   63.9500000000000                          NaN
   64.0500000000000                          NaN
   64.1500000000000                          NaN
   64.2500000000000                          NaN
   64.3500000000000                          NaN
   64.4500000000000                          NaN
   64.5500000000000                          NaN
   64.6500000000000                          NaN
   64.7500000000000                          NaN
   64.8500000000000                          NaN
   64.9500000000000                          NaN
   65.0500000000000                          NaN
   65.1500000000000                          NaN
   65.2500000000000                          NaN
   65.3500000000000                          NaN
   65.4500000000000                          NaN
   65.5500000000000                          NaN
   65.6500000000000                          NaN
   65.7500000000000                          NaN
   65.8500000000000                          NaN
   65.9500000000000                          NaN
   66.0500000000000                          NaN
   66.1500000000000                          NaN
   66.2500000000000                          NaN
   66.3500000000000                          NaN
   66.4500000000000                          NaN
   66.5500000000000                          NaN
   66.6500000000000                          NaN
   66.7500000000000                          NaN
   66.8500000000000                          NaN
   66.9500000000000                          NaN
   67.0500000000000                          NaN
   67.1500000000000                          NaN
   67.2500000000000                          NaN
   67.3500000000000                          NaN
   67.4500000000000                          NaN
   67.5500000000000                          NaN
   67.6500000000000                          NaN
   67.7500000000000                          NaN
   67.8500000000000                          NaN
   67.9500000000000                          NaN
   68.0500000000000                          NaN
   68.1500000000000                          NaN
   68.2500000000000                          NaN
   68.3500000000000                          NaN
   68.4500000000000                          NaN
   68.5500000000000                          NaN
   68.6500000000000                          NaN
   68.7500000000000                          NaN
   68.8500000000000                          NaN
   68.9500000000000                          NaN
   69.0500000000000                          NaN
   69.1500000000000                          NaN
   69.2500000000000                          NaN
   69.3500000000000                          NaN
   69.4500000000000                          NaN
   69.5500000000000                          NaN
   69.6500000000000                          NaN
   69.7500000000000                          NaN
   69.8500000000000                          NaN
   69.9500000000000                          NaN
   70.0500000000000                          NaN
   70.1500000000000                          NaN
   70.2500000000000                          NaN
   70.3500000000000                          NaN
   70.4500000000000                          NaN
   70.5500000000000                          NaN
   70.6500000000000                          NaN
   70.7500000000000                          NaN
   70.8500000000000                          NaN
   70.9500000000000                          NaN
   71.0500000000000                          NaN
   71.1500000000000                          NaN
   71.2500000000000                          NaN
   71.3500000000000                          NaN
   71.4500000000000                          NaN
   71.5500000000000                          NaN
   71.6500000000000                          NaN
   71.7500000000000                          NaN
   71.8500000000000                          NaN
   71.9500000000000                          NaN
   72.0500000000000                          NaN
   72.1500000000000                          NaN
   72.2500000000000                          NaN
   72.3500000000000                          NaN
   72.4500000000000                          NaN
   72.5500000000000                          NaN
   72.6500000000000                          NaN
   72.7500000000000                          NaN
   72.8500000000000                          NaN
   72.9500000000000                          NaN
   73.0500000000000                          NaN
   73.1500000000000                          NaN
   73.2500000000000                          NaN
   73.3500000000000                          NaN
   73.4500000000000                          NaN
   73.5500000000000                          NaN
   73.6500000000000                          NaN
   73.7500000000000                          NaN
   73.8500000000000                          NaN
   73.9500000000000                          NaN
   74.0500000000000                          NaN
   74.1500000000000                          NaN
   74.2500000000000                          NaN
   74.3500000000000                          NaN
   74.4500000000000                          NaN
   74.5500000000000                          NaN
   74.6500000000000                          NaN
   74.7500000000000                          NaN
   74.8500000000000                          NaN
   74.9500000000000                          NaN
   75.0500000000000                          NaN
   75.1500000000000                          NaN
   75.2500000000000                          NaN
   75.3500000000000                          NaN
   75.4500000000000                          NaN
   75.5500000000000                          NaN
   75.6500000000000                          NaN
   75.7500000000000                          NaN
   75.8500000000000                          NaN
   75.9500000000000                          NaN
   76.0500000000000                          NaN
   76.1500000000000                          NaN
   76.2500000000000                          NaN
   76.3500000000000                          NaN
   76.4500000000000                          NaN
   76.5500000000000                          NaN
   76.6500000000000                          NaN
   76.7500000000000                          NaN
   76.8500000000000                          NaN
   76.9500000000000                          NaN
   77.0500000000000                          NaN
   77.1500000000000                          NaN
   77.2500000000000                          NaN
   77.3500000000000                          NaN
   77.4500000000000                          NaN
   77.5500000000000                          NaN
   77.6500000000000                          NaN
   77.7500000000000                          NaN
   77.8500000000000                          NaN
   77.9500000000000                          NaN
   78.0500000000000                          NaN
   78.1500000000000                          NaN
   78.2500000000000                          NaN
   78.3500000000000                          NaN
   78.4500000000000                          NaN
   78.5500000000000                          NaN
   78.6500000000000                          NaN
   78.7500000000000                          NaN
   78.8500000000000                          NaN
   78.9500000000000                          NaN
   79.0500000000000                          NaN
   79.1500000000000                          NaN
   79.2500000000000                          NaN
   79.3500000000000                          NaN
   79.4500000000000                          NaN
   79.5500000000000                          NaN
   79.6500000000000                          NaN
   79.7500000000000                          NaN
   79.8500000000000                          NaN
   79.9500000000000                          NaN
   80.0500000000000                          NaN
   80.1500000000000                          NaN
   80.2500000000000                          NaN
   80.3500000000000                          NaN
   80.4500000000000                          NaN
   80.5500000000000                          NaN
   80.6500000000000                          NaN
   80.7500000000000                          NaN
   80.8500000000000                          NaN
   80.9500000000000                          NaN
   81.0500000000000                          NaN
   81.1500000000000                          NaN
   81.2500000000000                          NaN
   81.3500000000000                          NaN
   81.4500000000000                          NaN
   81.5500000000000                          NaN
   81.6500000000000                          NaN
   81.7500000000000                          NaN
   81.8500000000000                          NaN
   81.9500000000000                          NaN
   82.0500000000000                          NaN
   82.1500000000000                          NaN
   82.2500000000000                          NaN
   82.3500000000000                          NaN
   82.4500000000000                          NaN
   82.5500000000000                          NaN
   82.6500000000000                          NaN
   82.7500000000000                          NaN
   82.8500000000000                          NaN
   82.9500000000000                          NaN
   83.0500000000000                          NaN
   83.1500000000000                          NaN
   83.2500000000000                          NaN
   83.3500000000000                          NaN
   83.4500000000000                          NaN
   83.5500000000000                          NaN
   83.6500000000000                          NaN
   83.7500000000000                          NaN
   83.8500000000000                          NaN
   83.9500000000000                          NaN
   84.0500000000000                          NaN
   84.1500000000000                          NaN
   84.2500000000000                          NaN
   84.3500000000000                          NaN
   84.4500000000000                          NaN
   84.5500000000000                          NaN
   84.6500000000000                          NaN
   84.7500000000000                          NaN
   84.8500000000000                          NaN
   84.9500000000000                          NaN
   85.0500000000000                          NaN
   85.1500000000000                          NaN
   85.2500000000000                          NaN
   85.3500000000000                          NaN
   85.4500000000000                          NaN
   85.5500000000000                          NaN
   85.6500000000000                          NaN
   85.7500000000000                          NaN
   85.8500000000000                          NaN
   85.9500000000000                          NaN
   86.0500000000000                          NaN
   86.1500000000000                          NaN
   86.2500000000000                          NaN
   86.3500000000000                          NaN
   86.4500000000000                          NaN
   86.5500000000000                          NaN
   86.6500000000000                          NaN
   86.7500000000000                          NaN
   86.8500000000000                          NaN
   86.9500000000000                          NaN
   87.0500000000000                          NaN
   87.1500000000000                          NaN
   87.2500000000000                          NaN
   87.3500000000000                          NaN
   87.4500000000000                          NaN
   87.5500000000000                          NaN
   87.6500000000000                          NaN
   87.7500000000000                          NaN
   87.8500000000000                          NaN
   87.9500000000000                          NaN
   88.0500000000000                          NaN
   88.1500000000000                          NaN
   88.2500000000000                          NaN
   88.3500000000000                          NaN
   88.4500000000000                          NaN
   88.5500000000000                          NaN
   88.6500000000000                          NaN
   88.7500000000000                          NaN
   88.8500000000000                          NaN
   88.9500000000000                          NaN
   89.0500000000000                          NaN
   89.1500000000000                          NaN
   89.2500000000000                          NaN
   89.3500000000000                          NaN
   89.4500000000000                          NaN
   89.5500000000000                          NaN
   89.6500000000000                          NaN
   89.7500000000000                          NaN
   89.8500000000000                          NaN
   89.9500000000000                          NaN
   90.0500000000000                          NaN
   90.1500000000000                          NaN
   90.2500000000000                          NaN
   90.3500000000000                          NaN
   90.4500000000000                          NaN
   90.5500000000000                          NaN
   90.6500000000000                          NaN
   90.7500000000000                          NaN
   90.8500000000000                          NaN
   90.9500000000000                          NaN
   91.0500000000000                          NaN
   91.1500000000000                          NaN
   91.2500000000000                          NaN
   91.3500000000000                          NaN
   91.4500000000000                          NaN
   91.5500000000000                          NaN
   91.6500000000000                          NaN
   91.7500000000000                          NaN
   91.8500000000000                          NaN
   91.9500000000000                          NaN
   92.0500000000000                          NaN
   92.1500000000000                          NaN
   92.2500000000000                          NaN
   92.3500000000000                          NaN
   92.4500000000000                          NaN
   92.5500000000000                          NaN
   92.6500000000000                          NaN
   92.7500000000000                          NaN
   92.8500000000000                          NaN
   92.9500000000000                          NaN
   93.0500000000000                          NaN
   93.1500000000000                          NaN
   93.2500000000000                          NaN
   93.3500000000000                          NaN
   93.4500000000000                          NaN
   93.5500000000000                          NaN
   93.6500000000000                          NaN
   93.7500000000000                          NaN
   93.8500000000000                          NaN
   93.9500000000000                          NaN
   94.0500000000000                          NaN
   94.1500000000000                          NaN
   94.2500000000000                          NaN
   94.3500000000000                          NaN
   94.4500000000000                          NaN
   94.5500000000000                          NaN
   94.6500000000000                          NaN
   94.7500000000000                          NaN
   94.8500000000000                          NaN
   94.9500000000000                          NaN
   95.0500000000000                          NaN
   95.1500000000000                          NaN
   95.2500000000000                          NaN
   95.3500000000000                          NaN
   95.4500000000000                          NaN
   95.5500000000000                          NaN
   95.6500000000000                          NaN
   95.7500000000000                          NaN
   95.8500000000000                          NaN
   95.9500000000000                          NaN
   96.0500000000000                          NaN
   96.1500000000000                          NaN
   96.2500000000000                          NaN
   96.3500000000000                          NaN
   96.4500000000000                          NaN
   96.5500000000000                          NaN
   96.6500000000000                          NaN
   96.7500000000000                          NaN
   96.8500000000000                          NaN
   96.9500000000000                          NaN
   97.0500000000000                          NaN
   97.1500000000000                          NaN
   97.2500000000000                          NaN
   97.3500000000000                          NaN
   97.4500000000000                          NaN
   97.5500000000000                          NaN
   97.6500000000000                          NaN
   97.7500000000000                          NaN
   97.8500000000000                          NaN
   97.9500000000000                          NaN
   98.0500000000000                          NaN
   98.1500000000000                          NaN
   98.2500000000000                          NaN
   98.3500000000000                          NaN
   98.4500000000000                          NaN
   98.5500000000000                          NaN
   98.6500000000000                          NaN
   98.7500000000000                          NaN
   98.8500000000000                          NaN
   98.9500000000000                          NaN
   99.0500000000000                          NaN
   99.1500000000000                          NaN
   99.2500000000000                          NaN
   99.3500000000000                          NaN
   99.4500000000000                          NaN
   99.5500000000000                          NaN
   99.6500000000000                          NaN
   99.7500000000000                          NaN
   99.8500000000000                          NaN
   99.9500000000000                          NaN
   100.050000000000                          NaN
   100.150000000000                          NaN
   100.250000000000                          NaN
   100.350000000000                          NaN
   100.450000000000                          NaN
   100.550000000000                          NaN
   100.650000000000                          NaN
   100.750000000000                          NaN
   100.850000000000                          NaN
   100.950000000000                          NaN
   101.050000000000                          NaN
   101.150000000000                          NaN
   101.250000000000                          NaN
   101.350000000000                          NaN
   101.450000000000                          NaN
   101.550000000000                          NaN
   101.650000000000                          NaN
   101.750000000000                          NaN
   101.850000000000                          NaN
   101.950000000000                          NaN
   102.050000000000                          NaN
   102.150000000000                          NaN
   102.250000000000                          NaN
   102.350000000000                          NaN
   102.450000000000                          NaN
   102.550000000000                          NaN
   102.650000000000                          NaN
   102.750000000000                          NaN
   102.850000000000                          NaN
   102.950000000000                          NaN
   103.050000000000                          NaN
   103.150000000000                          NaN
   103.250000000000                          NaN
   103.350000000000                          NaN
   103.450000000000                          NaN
   103.550000000000                          NaN
   103.650000000000                          NaN
   103.750000000000                          NaN
   103.850000000000                          NaN
   103.950000000000                          NaN
   104.050000000000                          NaN
   104.150000000000                          NaN
   104.250000000000                          NaN
   104.350000000000                          NaN
   104.450000000000                          NaN
   104.550000000000                          NaN
   104.650000000000                          NaN
   104.750000000000                          NaN
   104.850000000000                          NaN
   104.950000000000                          NaN
   105.050000000000                          NaN
   105.150000000000                          NaN
   105.250000000000                          NaN
   105.350000000000                          NaN
   105.450000000000                          NaN
   105.550000000000                          NaN
   105.650000000000                          NaN
   105.750000000000                          NaN
   105.850000000000                          NaN
   105.950000000000                          NaN
   106.050000000000                          NaN
   106.150000000000                          NaN
   106.250000000000                          NaN
   106.350000000000                          NaN
   106.450000000000                          NaN
   106.550000000000                          NaN
   106.650000000000                          NaN
   106.750000000000                          NaN
   106.850000000000                          NaN
   106.950000000000                          NaN
   107.050000000000                          NaN
   107.150000000000                          NaN
   107.250000000000                          NaN
   107.350000000000                          NaN
   107.450000000000                          NaN
   107.550000000000                          NaN
   107.650000000000                          NaN
   107.750000000000                          NaN
   107.850000000000                          NaN
   107.950000000000                          NaN
   108.050000000000                          NaN
   108.150000000000                          NaN
   108.250000000000                          NaN
   108.350000000000                          NaN
   108.450000000000                          NaN
   108.550000000000                          NaN
   108.650000000000                          NaN
   108.750000000000                          NaN
   108.850000000000                          NaN
   108.950000000000                          NaN
   109.050000000000                          NaN
   109.150000000000                          NaN
   109.250000000000                          NaN
   109.350000000000                          NaN
   109.450000000000                          NaN
   109.550000000000                          NaN
   109.650000000000                          NaN
   109.750000000000                          NaN
   109.850000000000                          NaN
   109.950000000000                          NaN
   110.050000000000                          NaN
   110.150000000000                          NaN
   110.250000000000                          NaN
   110.350000000000                          NaN
   110.450000000000                          NaN
   110.550000000000                          NaN
   110.650000000000                          NaN
   110.750000000000                          NaN
   110.850000000000                          NaN
   110.950000000000                          NaN
   111.050000000000                          NaN
   111.150000000000                          NaN
   111.250000000000                          NaN
   111.350000000000                          NaN
   111.450000000000                          NaN
   111.550000000000                          NaN
   111.650000000000                          NaN
   111.750000000000                          NaN
   111.850000000000                          NaN
   111.950000000000                          NaN
   112.050000000000                          NaN
   112.150000000000                          NaN
   112.250000000000                          NaN
   112.350000000000                          NaN
   112.450000000000                          NaN
   112.550000000000                          NaN
   112.650000000000                          NaN
   112.750000000000                          NaN
   112.850000000000                          NaN
   112.950000000000                          NaN
   113.050000000000                          NaN
   113.150000000000                          NaN
   113.250000000000                          NaN
   113.350000000000                          NaN
   113.450000000000                          NaN
   113.550000000000                          NaN
   113.650000000000                          NaN
   113.750000000000                          NaN
   113.850000000000                          NaN
   113.950000000000                          NaN
   114.050000000000                          NaN
   114.150000000000                          NaN
   114.250000000000                          NaN
   114.350000000000                          NaN
   114.450000000000                          NaN
   114.550000000000                          NaN
   114.650000000000                          NaN
   114.750000000000                          NaN
   114.850000000000                          NaN
   114.950000000000                          NaN
   115.050000000000                          NaN
   115.150000000000                          NaN
   115.250000000000                          NaN
   115.350000000000                          NaN
   115.450000000000                          NaN
   115.550000000000                          NaN
   115.650000000000                          NaN
   115.750000000000                          NaN
   115.850000000000                          NaN
   115.950000000000                          NaN
   116.050000000000                          NaN
   116.150000000000                          NaN
   116.250000000000                          NaN
   116.350000000000                          NaN
   116.450000000000                          NaN
   116.550000000000                          NaN
   116.650000000000                          NaN
   116.750000000000                          NaN
   116.850000000000                          NaN
   116.950000000000                          NaN
   117.050000000000                          NaN
   117.150000000000                          NaN
   117.250000000000                          NaN
   117.350000000000                          NaN
   117.450000000000                          NaN
   117.550000000000                          NaN
   117.650000000000                          NaN
   117.750000000000                          NaN
   117.850000000000                          NaN
   117.950000000000                          NaN
   118.050000000000                          NaN
   118.150000000000                          NaN
   118.250000000000                          NaN
   118.350000000000                          NaN
   118.450000000000                          NaN
   118.550000000000                          NaN
   118.650000000000                          NaN
   118.750000000000                          NaN
   118.850000000000                          NaN
   118.950000000000                          NaN
   119.050000000000                          NaN
   119.150000000000                          NaN
   119.250000000000                          NaN
   119.350000000000                          NaN
   119.450000000000                          NaN
   119.550000000000                          NaN
   119.650000000000                          NaN
   119.750000000000                          NaN
   119.850000000000                          NaN
   119.950000000000                          NaN
   120.050000000000                          NaN
   120.150000000000                          NaN
   120.250000000000                          NaN
   120.350000000000                          NaN
   120.450000000000                          NaN
   120.550000000000                          NaN
   120.650000000000                          NaN
   120.750000000000                          NaN
   120.850000000000                          NaN
   120.950000000000                          NaN
   121.050000000000                          NaN
   121.150000000000                          NaN
   121.250000000000                          NaN
   121.350000000000                          NaN
   121.450000000000                          NaN
   121.550000000000                          NaN
   121.650000000000                          NaN
   121.750000000000                          NaN
   121.850000000000                          NaN
   121.950000000000                          NaN
   122.050000000000                          NaN
   122.150000000000                          NaN
   122.250000000000                          NaN
   122.350000000000                          NaN
   122.450000000000                          NaN
   122.550000000000                          NaN
   122.650000000000                          NaN
   122.750000000000                          NaN
   122.850000000000                          NaN
   122.950000000000                          NaN
   123.050000000000                          NaN
   123.150000000000                          NaN
   123.250000000000                          NaN
   123.350000000000                          NaN
   123.450000000000                          NaN
   123.550000000000                          NaN
   123.650000000000                          NaN
   123.750000000000                          NaN
   123.850000000000                          NaN
   123.950000000000                          NaN
   124.050000000000                          NaN
   124.150000000000                          NaN
   124.250000000000                          NaN
   124.350000000000                          NaN
   124.450000000000                          NaN
   124.550000000000                          NaN
   124.650000000000                          NaN
   124.750000000000                          NaN
   124.850000000000                          NaN
   124.950000000000                          NaN
   125.050000000000                          NaN
   125.150000000000                          NaN
   125.250000000000                          NaN
   125.350000000000                          NaN
   125.450000000000                          NaN
   125.550000000000                          NaN
   125.650000000000                          NaN
   125.750000000000                          NaN
   125.850000000000                          NaN
   125.950000000000                          NaN
   126.050000000000                          NaN
   126.150000000000                          NaN
   126.250000000000                          NaN
   126.350000000000                          NaN
   126.450000000000                          NaN
   126.550000000000                          NaN
   126.650000000000                          NaN
   126.750000000000                          NaN
   126.850000000000                          NaN
   126.950000000000                          NaN
   127.050000000000                          NaN
   127.150000000000                          NaN
   127.250000000000                          NaN
   127.350000000000                          NaN
   127.450000000000                          NaN
   127.550000000000                          NaN
   127.650000000000                          NaN
   127.750000000000                          NaN
   127.850000000000                          NaN
   127.950000000000                          NaN
   128.050000000000                          NaN
   128.150000000000                          NaN
   128.250000000000                          NaN
   128.350000000000                          NaN
   128.450000000000                          NaN
   128.550000000000                          NaN
   128.650000000000                          NaN
   128.750000000000                          NaN
   128.850000000000                          NaN
   128.950000000000                          NaN
   129.050000000000                          NaN
   129.150000000000                          NaN
   129.250000000000                          NaN
   129.350000000000                          NaN
   129.450000000000                          NaN
   129.550000000000                          NaN
   129.650000000000                          NaN
   129.750000000000                          NaN
   129.850000000000                          NaN
   129.950000000000                          NaN
   130.050000000000                          NaN
   130.150000000000                          NaN
   130.250000000000                          NaN
   130.350000000000                          NaN
   130.450000000000                          NaN
   130.550000000000                          NaN
   130.650000000000                          NaN
   130.750000000000                          NaN
   130.850000000000                          NaN
   130.950000000000                          NaN
   131.050000000000                          NaN
   131.150000000000                          NaN
   131.250000000000                          NaN
   131.350000000000                          NaN
   131.450000000000                          NaN
   131.550000000000                          NaN
   131.650000000000                          NaN
   131.750000000000                          NaN
   131.850000000000                          NaN
   131.950000000000                          NaN
   132.050000000000                          NaN
   132.150000000000                          NaN
   132.250000000000                          NaN
   132.350000000000                          NaN
   132.450000000000                          NaN
   132.550000000000                          NaN
   132.650000000000                          NaN
   132.750000000000                          NaN
   132.850000000000                          NaN
   132.950000000000                          NaN
   133.050000000000                          NaN
   133.150000000000                          NaN
   133.250000000000                          NaN
   133.350000000000                          NaN
   133.450000000000                          NaN
   133.550000000000                          NaN
   133.650000000000                          NaN
   133.750000000000                          NaN
   133.850000000000                          NaN
   133.950000000000                          NaN
   134.050000000000                          NaN
   134.150000000000                          NaN
   134.250000000000                          NaN
   134.350000000000                          NaN
   134.450000000000                          NaN
   134.550000000000                          NaN
   134.650000000000                          NaN
   134.750000000000                          NaN
   134.850000000000                          NaN
   134.950000000000                          NaN
   135.050000000000                          NaN
   135.150000000000                          NaN
   135.250000000000                          NaN
   135.350000000000                          NaN
   135.450000000000                          NaN
   135.550000000000                          NaN
   135.650000000000                          NaN
   135.750000000000                          NaN
   135.850000000000                          NaN
   135.950000000000                          NaN
   136.050000000000                          NaN
   136.150000000000                          NaN
   136.250000000000                          NaN
   136.350000000000                          NaN
   136.450000000000                          NaN
   136.550000000000                          NaN
   136.650000000000                          NaN
   136.750000000000                          NaN
   136.850000000000                          NaN
   136.950000000000                          NaN
   137.050000000000                          NaN
   137.150000000000                          NaN
   137.250000000000                          NaN
   137.350000000000                          NaN
   137.450000000000                          NaN
   137.550000000000                          NaN
   137.650000000000                          NaN
   137.750000000000                          NaN
   137.850000000000                          NaN
   137.950000000000                          NaN
   138.050000000000                          NaN
   138.150000000000                          NaN
   138.250000000000                          NaN
   138.350000000000                          NaN
   138.450000000000                          NaN
   138.550000000000                          NaN
   138.650000000000                          NaN
   138.750000000000                          NaN
   138.850000000000                          NaN
   138.950000000000                          NaN
   139.050000000000                          NaN
   139.150000000000                          NaN
   139.250000000000                          NaN
   139.350000000000                          NaN
   139.450000000000                          NaN
   139.550000000000                          NaN
   139.650000000000                          NaN
   139.750000000000                          NaN
   139.850000000000                          NaN
   139.950000000000                          NaN
   140.050000000000                          NaN
   140.150000000000                          NaN
   140.250000000000                          NaN
   140.350000000000                          NaN
   140.450000000000                          NaN
   140.550000000000                          NaN
   140.650000000000                          NaN
   140.750000000000                          NaN
   140.850000000000                          NaN
   140.950000000000                          NaN
   141.050000000000                          NaN
   141.150000000000                          NaN
   141.250000000000                          NaN
   141.350000000000                          NaN
   141.450000000000                          NaN
   141.550000000000                          NaN
   141.650000000000                          NaN
   141.750000000000                          NaN
   141.850000000000                          NaN
   141.950000000000                          NaN
   142.050000000000                          NaN
   142.150000000000                          NaN
   142.250000000000                          NaN
   142.350000000000                          NaN
   142.450000000000                          NaN
   142.550000000000                          NaN
   142.650000000000                          NaN
   142.750000000000                          NaN
   142.850000000000                          NaN
   142.950000000000                          NaN
   143.050000000000                          NaN
   143.150000000000                          NaN
   143.250000000000                          NaN
   143.350000000000                          NaN
   143.450000000000                          NaN
   143.550000000000                          NaN
   143.650000000000                          NaN
   143.750000000000                          NaN
   143.850000000000                          NaN
   143.950000000000                          NaN
   144.050000000000                          NaN
   144.150000000000                          NaN
   144.250000000000                          NaN
   144.350000000000                          NaN
   144.450000000000                          NaN
   144.550000000000                          NaN
   144.650000000000                          NaN
   144.750000000000                          NaN
   144.850000000000                          NaN
   144.950000000000                          NaN
   145.050000000000                          NaN
   145.150000000000                          NaN
   145.250000000000                          NaN
   145.350000000000                          NaN
   145.450000000000                          NaN
   145.550000000000                          NaN
   145.650000000000                          NaN
   145.750000000000                          NaN
   145.850000000000                          NaN
   145.950000000000                          NaN
   146.050000000000                          NaN
   146.150000000000                          NaN
   146.250000000000                          NaN
   146.350000000000                          NaN
   146.450000000000                          NaN
   146.550000000000                          NaN
   146.650000000000                          NaN
   146.750000000000                          NaN
   146.850000000000                          NaN
   146.950000000000                          NaN
   147.050000000000                          NaN
   147.150000000000                          NaN
   147.250000000000                          NaN
   147.350000000000                          NaN
   147.450000000000                          NaN
   147.550000000000                          NaN
   147.650000000000                          NaN
   147.750000000000                          NaN
   147.850000000000                          NaN
   147.950000000000                          NaN
   148.050000000000                          NaN
   148.150000000000                          NaN
   148.250000000000                          NaN
   148.350000000000                          NaN
   148.450000000000                          NaN
   148.550000000000                          NaN
   148.650000000000                          NaN
   148.750000000000                          NaN
   148.850000000000                          NaN
   148.950000000000                          NaN
   149.050000000000                          NaN
   149.150000000000                          NaN
   149.250000000000                          NaN
   149.350000000000                          NaN
   149.450000000000                          NaN
   149.550000000000                          NaN
   149.650000000000                          NaN
   149.750000000000                          NaN
   149.850000000000                          NaN
   149.950000000000                          NaN
   150.050000000000                          NaN
   150.150000000000                          NaN
   150.250000000000                          NaN
   150.350000000000                          NaN
   150.450000000000                          NaN
   150.550000000000                          NaN
   150.650000000000                          NaN
   150.750000000000                          NaN
   150.850000000000                          NaN
   150.950000000000                          NaN
   151.050000000000                          NaN
   151.150000000000                          NaN
   151.250000000000                          NaN
   151.350000000000                          NaN
   151.450000000000                          NaN
   151.550000000000                          NaN
   151.650000000000                          NaN
   151.750000000000                          NaN
   151.850000000000                          NaN
   151.950000000000                          NaN
   152.050000000000                          NaN
   152.150000000000                          NaN
   152.250000000000                          NaN
   152.350000000000                          NaN
   152.450000000000                          NaN
   152.550000000000                          NaN
   152.650000000000                          NaN
   152.750000000000                          NaN
   152.850000000000                          NaN
   152.950000000000                          NaN
   153.050000000000                          NaN
   153.150000000000                          NaN
   153.250000000000                          NaN
   153.350000000000                          NaN
   153.450000000000                          NaN
   153.550000000000                          NaN
   153.650000000000                          NaN
   153.750000000000                          NaN
   153.850000000000                          NaN
   153.950000000000                          NaN
   154.050000000000                          NaN
   154.150000000000                          NaN
   154.250000000000                          NaN
   154.350000000000                          NaN
   154.450000000000                          NaN
   154.550000000000                          NaN
   154.650000000000                          NaN
   154.750000000000                          NaN
   154.850000000000                          NaN
   154.950000000000                          NaN
   155.050000000000                          NaN
   155.150000000000                          NaN
   155.250000000000                          NaN
   155.350000000000                          NaN
   155.450000000000                          NaN
   155.550000000000                          NaN
   155.650000000000                          NaN
   155.750000000000                          NaN
   155.850000000000                          NaN
   155.950000000000                          NaN
   156.050000000000                          NaN
   156.150000000000                          NaN
   156.250000000000                          NaN
   156.350000000000                          NaN
   156.450000000000                          NaN
   156.550000000000                          NaN
   156.650000000000                          NaN
   156.750000000000                          NaN
   156.850000000000                          NaN
   156.950000000000                          NaN
   157.050000000000                          NaN
   157.150000000000                          NaN
   157.250000000000                          NaN
   157.350000000000                          NaN
   157.450000000000                          NaN
   157.550000000000                          NaN
   157.650000000000                          NaN
   157.750000000000                          NaN
   157.850000000000                          NaN
   157.950000000000                          NaN
   158.050000000000                          NaN
   158.150000000000                          NaN
   158.250000000000                          NaN
   158.350000000000                          NaN
   158.450000000000                          NaN
   158.550000000000                          NaN
   158.650000000000                          NaN
   158.750000000000                          NaN
   158.850000000000                          NaN
   158.950000000000                          NaN
   159.050000000000                          NaN
   159.150000000000                          NaN
   159.250000000000                          NaN
   159.350000000000                          NaN
   159.450000000000                          NaN
   159.550000000000                          NaN
   159.650000000000                          NaN
   159.750000000000                          NaN
   159.850000000000                          NaN
   159.950000000000                          NaN
   160.050000000000                          NaN
   160.150000000000                          NaN
   160.250000000000                          NaN
   160.350000000000                          NaN
   160.450000000000                          NaN
   160.550000000000                          NaN
   160.650000000000                          NaN
   160.750000000000                          NaN
   160.850000000000                          NaN
   160.950000000000                          NaN
   161.050000000000                          NaN
   161.150000000000                          NaN
   161.250000000000                          NaN
   161.350000000000                          NaN
   161.450000000000                          NaN
   161.550000000000                          NaN
   161.650000000000                          NaN
   161.750000000000                          NaN
   161.850000000000                          NaN
   161.950000000000                          NaN
   162.050000000000                          NaN
   162.150000000000                          NaN
   162.250000000000                          NaN
   162.350000000000                          NaN
   162.450000000000                          NaN
   162.550000000000                          NaN
   162.650000000000                          NaN
   162.750000000000                          NaN
   162.850000000000                          NaN
   162.950000000000                          NaN
   163.050000000000                          NaN
   163.150000000000                          NaN
   163.250000000000                          NaN
   163.350000000000                          NaN
   163.450000000000                          NaN
   163.550000000000                          NaN
   163.650000000000                          NaN
   163.750000000000                          NaN
   163.850000000000                          NaN
   163.950000000000                          NaN
   164.050000000000                          NaN
   164.150000000000                          NaN
   164.250000000000                          NaN
   164.350000000000                          NaN
   164.450000000000                          NaN
   164.550000000000                          NaN
   164.650000000000                          NaN
   164.750000000000                          NaN
   164.850000000000                          NaN
   164.950000000000                          NaN
   165.050000000000                          NaN
   165.150000000000                          NaN
   165.250000000000                          NaN
   165.350000000000                          NaN
   165.450000000000                          NaN
   165.550000000000                          NaN
   165.650000000000                          NaN
   165.750000000000                          NaN
   165.850000000000                          NaN
   165.950000000000                          NaN
   166.050000000000                          NaN
   166.150000000000                          NaN
   166.250000000000                          NaN
   166.350000000000                          NaN
   166.450000000000                          NaN
   166.550000000000                          NaN
   166.650000000000                          NaN
   166.750000000000                          NaN
   166.850000000000                          NaN
   166.950000000000                          NaN
   167.050000000000                          NaN
   167.150000000000                          NaN
   167.250000000000                          NaN
   167.350000000000                          NaN
   167.450000000000                          NaN
   167.550000000000                          NaN
   167.650000000000                          NaN
   167.750000000000                          NaN
   167.850000000000                          NaN
   167.950000000000                          NaN
   168.050000000000                          NaN
   168.150000000000                          NaN
   168.250000000000                          NaN
   168.350000000000                          NaN
   168.450000000000                          NaN
   168.550000000000                          NaN
   168.650000000000                          NaN
   168.750000000000                          NaN
   168.850000000000                          NaN
   168.950000000000                          NaN
   169.050000000000                          NaN
   169.150000000000                          NaN
   169.250000000000                          NaN
   169.350000000000                          NaN
   169.450000000000                          NaN
   169.550000000000                          NaN
   169.650000000000                          NaN
   169.750000000000                          NaN
   169.850000000000                          NaN
   169.950000000000                          NaN
   170.050000000000                          NaN
   170.150000000000                          NaN
   170.250000000000                          NaN
   170.350000000000                          NaN
   170.450000000000                          NaN
   170.550000000000                          NaN
   170.650000000000                          NaN
   170.750000000000                          NaN
   170.850000000000                          NaN
   170.950000000000                          NaN
   171.050000000000                          NaN
   171.150000000000                          NaN
   171.250000000000                          NaN
   171.350000000000                          NaN
   171.450000000000                          NaN
   171.550000000000                          NaN
   171.650000000000                          NaN
   171.750000000000                          NaN
   171.850000000000                          NaN
   171.950000000000                          NaN
   172.050000000000                          NaN
   172.150000000000                          NaN
   172.250000000000                          NaN
   172.350000000000                          NaN
   172.450000000000                          NaN
   172.550000000000                          NaN
   172.650000000000                          NaN
   172.750000000000                          NaN
   172.850000000000                          NaN
   172.950000000000                          NaN
   173.050000000000                          NaN
   173.150000000000                          NaN
   173.250000000000                          NaN
   173.350000000000                          NaN
   173.450000000000                          NaN
   173.550000000000                          NaN
   173.650000000000                          NaN
   173.750000000000                          NaN
   173.850000000000                          NaN
   173.950000000000                          NaN
   174.050000000000                          NaN
   174.150000000000                          NaN
   174.250000000000                          NaN
   174.350000000000                          NaN
   174.450000000000                          NaN
   174.550000000000                          NaN
   174.650000000000                          NaN
   174.750000000000                          NaN
   174.850000000000                          NaN
   174.950000000000                          NaN
   175.050000000000                          NaN
   175.150000000000                          NaN
   175.250000000000                          NaN
   175.350000000000                          NaN
   175.450000000000                          NaN
   175.550000000000                          NaN
   175.650000000000                          NaN
   175.750000000000                          NaN
   175.850000000000                          NaN
   175.950000000000                          NaN
   176.050000000000                          NaN
   176.150000000000                          NaN
   176.250000000000                          NaN
   176.350000000000                          NaN
   176.450000000000                          NaN
   176.550000000000                          NaN
   176.650000000000                          NaN
   176.750000000000                          NaN
   176.850000000000                          NaN
   176.950000000000                          NaN
   177.050000000000                          NaN
   177.150000000000                          NaN
   177.250000000000                          NaN
   177.350000000000                          NaN
   177.450000000000                          NaN
   177.550000000000                          NaN
   177.650000000000                          NaN
   177.750000000000                          NaN
   177.850000000000                          NaN
   177.950000000000                          NaN
   178.050000000000                          NaN
   178.150000000000                          NaN
   178.250000000000                          NaN
   178.350000000000                          NaN
   178.450000000000                          NaN
   178.550000000000                          NaN
   178.650000000000                          NaN
   178.750000000000                          NaN
   178.850000000000                          NaN
   178.950000000000                          NaN
   179.050000000000                          NaN
   179.150000000000                          NaN
   179.250000000000                          NaN
   179.350000000000                          NaN
   179.450000000000                          NaN
   179.550000000000                          NaN
   179.650000000000                          NaN
   179.750000000000                          NaN
   179.850000000000                          NaN
   179.950000000000                          NaN
   180.050000000000                          NaN
   180.150000000000                          NaN
   180.250000000000                          NaN
   180.350000000000                          NaN
   180.450000000000                          NaN
   180.550000000000                          NaN
   180.650000000000                          NaN
   180.750000000000                          NaN
   180.850000000000                          NaN
   180.950000000000                          NaN
   181.050000000000                          NaN
   181.150000000000                          NaN
   181.250000000000                          NaN
   181.350000000000                          NaN
   181.450000000000                          NaN
   181.550000000000                          NaN
   181.650000000000                          NaN
   181.750000000000                          NaN
   181.850000000000                          NaN
   181.950000000000                          NaN
   182.050000000000                          NaN
   182.150000000000                          NaN
   182.250000000000                          NaN
   182.350000000000                          NaN
   182.450000000000                          NaN
   182.550000000000                          NaN
   182.650000000000                          NaN
   182.750000000000                          NaN
   182.850000000000                          NaN
   182.950000000000                          NaN
   183.050000000000                          NaN
   183.150000000000                          NaN
   183.250000000000                          NaN
   183.350000000000                          NaN
   183.450000000000                          NaN
   183.550000000000                          NaN
   183.650000000000                          NaN
   183.750000000000                          NaN
   183.850000000000                          NaN
   183.950000000000                          NaN
   184.050000000000                          NaN
   184.150000000000                          NaN
   184.250000000000                          NaN
   184.350000000000                          NaN
   184.450000000000                          NaN
   184.550000000000                          NaN
   184.650000000000                          NaN
   184.750000000000                          NaN
   184.850000000000                          NaN
   184.950000000000                          NaN
   185.050000000000                          NaN
   185.150000000000                          NaN
   185.250000000000                          NaN
   185.350000000000                          NaN
   185.450000000000                          NaN
   185.550000000000                          NaN
   185.650000000000                          NaN
   185.750000000000                          NaN
   185.850000000000                          NaN
   185.950000000000                          NaN
   186.050000000000                          NaN
   186.150000000000                          NaN
   186.250000000000                          NaN
   186.350000000000                          NaN
   186.450000000000                          NaN
   186.550000000000                          NaN
   186.650000000000                          NaN
   186.750000000000                          NaN
   186.850000000000                          NaN
   186.950000000000                          NaN
   187.050000000000                          NaN
   187.150000000000                          NaN
   187.250000000000                          NaN
   187.350000000000                          NaN
   187.450000000000                          NaN
   187.550000000000                          NaN
   187.650000000000                          NaN
   187.750000000000                          NaN
   187.850000000000                          NaN
   187.950000000000                          NaN
   188.050000000000                          NaN
   188.150000000000                          NaN
   188.250000000000                          NaN
   188.350000000000                          NaN
   188.450000000000                          NaN
   188.550000000000                          NaN
   188.650000000000                          NaN
   188.750000000000                          NaN
   188.850000000000                          NaN
   188.950000000000                          NaN
   189.050000000000                          NaN
   189.150000000000                          NaN
   189.250000000000                          NaN
   189.350000000000                          NaN
   189.450000000000                          NaN
   189.550000000000                          NaN
   189.650000000000                          NaN
   189.750000000000                          NaN
   189.850000000000                          NaN
   189.950000000000                          NaN
   190.050000000000                          NaN
   190.150000000000                          NaN
   190.250000000000                          NaN
   190.350000000000                          NaN
   190.450000000000                          NaN
   190.550000000000                          NaN
   190.650000000000                          NaN
   190.750000000000                          NaN
   190.850000000000                          NaN
   190.950000000000                          NaN
   191.050000000000                          NaN
   191.150000000000                          NaN
   191.250000000000                          NaN
   191.350000000000                          NaN
   191.450000000000                          NaN
   191.550000000000                          NaN
   191.650000000000                          NaN
   191.750000000000                          NaN
   191.850000000000                          NaN
   191.950000000000                          NaN
   192.050000000000                          NaN
   192.150000000000                          NaN
   192.250000000000                          NaN
   192.350000000000                          NaN
   192.450000000000                          NaN
   192.550000000000                          NaN
   192.650000000000                          NaN
   192.750000000000                          NaN
   192.850000000000                          NaN
   192.950000000000                          NaN
   193.050000000000                          NaN
   193.150000000000                          NaN
   193.250000000000                          NaN
   193.350000000000                          NaN
   193.450000000000                          NaN
   193.550000000000                          NaN
   193.650000000000                          NaN
   193.750000000000                          NaN
   193.850000000000                          NaN
   193.950000000000                          NaN
   194.050000000000                          NaN
   194.150000000000                          NaN
   194.250000000000                          NaN
   194.350000000000                          NaN
   194.450000000000                          NaN
   194.550000000000                          NaN
   194.650000000000                          NaN
   194.750000000000                          NaN
   194.850000000000                          NaN
   194.950000000000                          NaN
   195.050000000000                          NaN
   195.150000000000                          NaN
   195.250000000000                          NaN
   195.350000000000                          NaN
   195.450000000000                          NaN
   195.550000000000                          NaN
   195.650000000000                          NaN
   195.750000000000                          NaN
   195.850000000000                          NaN
   195.950000000000                          NaN
   196.050000000000                          NaN
   196.150000000000                          NaN
   196.250000000000                          NaN
   196.350000000000                          NaN
   196.450000000000                          NaN
   196.550000000000                          NaN
   196.650000000000                          NaN
   196.750000000000                          NaN
   196.850000000000                          NaN
   196.950000000000                          NaN
   197.050000000000                          NaN
   197.150000000000                          NaN
   197.250000000000                          NaN
   197.350000000000                          NaN
   197.450000000000                          NaN
   197.550000000000                          NaN
   197.650000000000                          NaN
   197.750000000000                          NaN
   197.850000000000                          NaN
   197.950000000000                          NaN
   198.050000000000                          NaN
   198.150000000000                          NaN
   198.250000000000                          NaN
   198.350000000000                          NaN
   198.450000000000                          NaN
   198.550000000000                          NaN
   198.650000000000                          NaN
   198.750000000000                          NaN
   198.850000000000                          NaN
   198.950000000000                          NaN
   199.050000000000                          NaN
   199.150000000000                          NaN
   199.250000000000                          NaN
   199.350000000000                          NaN
   199.450000000000                          NaN
   199.550000000000                          NaN
   199.650000000000                          NaN
   199.750000000000                          NaN
   199.850000000000                          NaN
   199.950000000000                          NaN
